Summary statistics (per-read)
================================

gc_percent:
  n: 81011
  mean: 53.00014227658852
  median: 53.52993744414656
  p10: 43.88185654008439
  p90: 61.691542288557216

read_length:
  n: 81011
  mean: 1038.2353630988384
  median: 547.0
  p10: 236.0
  p90: 2105.0

mean_q:
  n: 81011
  mean: 17.89634934653497
  median: 17.31157894736842
  p10: 7.265450483991064
  p90: 29.564272211720223

read_length_N50: 1761.0
